0.219854 0.520837 0 0.188985 0.962502 0.016295 0.538798 0 
0.538888 1.0796 0 0.418275 0.293591 0.012331 0.585852 0 
0.516369 1.12572 0 0.38872 0.303865 0.019723 0.636947 0 
0.490394 1.04093 0 0.322556 0.295455 0.013119 1.11898 0 
0.67732 1.31089 0 0.432652 0.380291 0.017918 1.05 0 
0.831338 1.84267 0 0.459123 0.481146 0.020169 1.43842 0 
1.0025 2.63762 0 0.527917 0.643429 0.030477 2.09469 0 
1.15276 3.15682 0 0.567975 0.761062 0.031523 2.11224 0 
1.4025 3.65952 0 0.699308 0.81364 0.030062 3.74955 0 
1.42802 3.97132 0 0.731295 0.972715 0.029055 2.42846 0 
1.53911 4.47023 0 0.770716 0.985943 0.046046 2.82281 0 
1.44923 4.77761 0 0.707952 0.85316 0.036468 3.24806 0 
1.54575 6.11867 0 0.789409 1.01496 0.048681 5.14544 0 
1.47573 6.79905 0 0.698518 0.890776 0.031791 3.91787 0 
1.6217 7.3698 0 0.788339 0.883093 0.031958 4.00371 0 
1.54547 6.62262 0 0.750363 0.696714 0.031663 2.55809 0 
1.53721 6.67325 0 0.867587 0.732504 0.033296 2.58881 0 
1.47601 5.68156 0 0.733366 0.624954 0.030702 3.30751 0 
1.32466 5.45191 0 0.682961 0.638801 0.043224 2.8688 0 
1.32708 5.11713 0 0.699621 0.586583 0.031947 1.54747 0 
1.32092 4.59453 0 0.721151 0.602258 0.028758 2.97241 0 
1.34639 4.62257 0 0.758894 0.505731 0.03788 1.57709 0 
1.3786 4.71231 0 0.810555 0.774356 0.045778 3.65341 0 
1.32698 4.60801 0 0.798032 0.584592 0.039459 2.40902 0 
1.27651 4.51039 0 0.707556 0.547824 0.038989 2.53161 0 
1.22572 4.52788 0 0.657828 0.53915 0.041042 2.68603 0 
1.36339 4.66376 0 0.745889 0.506359 0.035263 2.70181 0 
1.34282 4.51573 0 0.737742 0.506939 0.033654 2.23864 0 
1.32066 4.61235 0 0.707935 0.424713 0.035475 2.64647 0 
1.34913 4.64035 0 0.718128 0.512564 0.035773 2.7891 0 
1.31352 4.63354 0 0.718687 0.417545 0.031956 2.9553 0 
1.3125 4.86039 0 0.639156 0.423573 0.035284 2.37147 0 
1.33454 5.13219 0 0.650542 0.424344 0.034145 2.2047 0 
1.2885 5.05158 0 0.683637 0.53032 0.03463 2.56715 0 
1.29248 4.83172 0 0.690805 0.431259 0.035215 2.23657 0 
1.39667 4.69377 0 0.71835 0.423534 0.037066 2.74764 0 
1.31974 4.8799 0 0.701737 0.436361 0.037492 2.52713 0 
1.27602 4.85023 0 0.650123 0.420972 0.035436 2.44857 0 
1.40223 4.86275 0 0.727772 0.651397 0.053379 2.66291 0 
1.32079 4.76436 0 0.681716 0.425424 0.03694 2.14785 0 
1.36319 4.78792 0 0.692693 0.541492 0.040687 2.1449 0 
1.30631 4.9306 0 0.687719 0.416936 0.035272 2.88975 0 
1.42511 5.18084 0 0.734903 0.422646 0.037073 2.97802 0 
1.45519 5.10751 0 0.732284 0.509291 0.034305 2.62857 0 
1.41031 4.90802 0 0.716816 0.404573 0.036795 3.1791 0 
1.26276 4.45615 0 0.625935 0.350924 0.026032 2.76648 0 
1.41674 4.93155 0 0.777867 0.585063 0.036852 2.32944 0 
1.25817 4.75267 0 0.663026 0.400043 0.036235 2.90987 0 
1.35012 5.13811 0 0.657956 0.403831 0.036018 2.74832 0 
1.29697 4.9162 0 0.661827 0.405809 0.03403 3.11106 0 
1.37104 4.76575 0 0.671716 0.397912 0.054109 2.71221 0 
1.41663 5.07233 0 0.689301 0.601915 0.042124 2.29081 0 
1.20862 4.86304 0 0.624648 0.387511 0.037718 2.97735 0 
1.2382 4.76902 0 0.639838 0.419208 0.026355 2.51677 0 
1.31581 4.37317 0 0.631827 0.334881 0.02867 2.72292 0 
1.26036 4.72468 0 0.64985 0.480309 0.039741 3.1495 0 
1.29703 4.8853 0 0.636268 0.487393 0.040215 2.11497 0 
1.28266 4.59866 0 0.626872 0.390156 0.034455 2.65141 0 
1.3629 4.93594 0 0.703528 0.474454 0.03705 2.83608 0 
1.3107 4.56405 0 0.660738 0.361231 0.030252 2.03935 0 
