0.033914 0.011476 0 0.034765 0.004531 0.000409 0.00366 0 
0.027269 0.014577 0 0.018447 0.001101 0.000177 0.004341 0 
0.002815 0.019719 0 0.016998 0.000829 0.00021 0.00719 0 
0.005131 0.019328 0 0.019646 0.001829 0.001394 0.009725 0 
0.004506 0.018871 0 0.020198 0.001434 0.000264 0.012726 0 
0.005543 0.022686 0 0.017813 0.002045 0.000311 0.010786 0 
0.008874 0.033669 0 0.012468 0.0023 0.000341 0.024276 0 
0.022124 0.027156 0 0.013913 0.002569 0.000376 0.019546 0 
0.008785 0.037539 0 0.012308 0.0024 0.000406 0.02674 0 
0.011603 0.037629 0 0.013347 0.003471 0.000471 0.019474 0 
0.015056 0.045677 0 0.014756 0.005341 0.000656 0.021362 0 
0.017076 0.04899 0 0.035384 0.007541 0.000883 0.045149 0 
0.031029 0.077767 0 0.031106 0.011825 0.001279 0.051135 0 
0.036733 0.117842 0 0.041664 0.016871 0.001582 0.124551 0 
0.045914 0.16725 0 0.049745 0.023674 0.002562 0.067064 0 
0.069592 0.210225 0 0.067342 0.034819 0.009401 0.102564 0 
0.119337 0.284499 0 0.121987 0.042354 0.00381 0.152413 0 
0.17705 0.334176 0 0.189769 0.077681 0.006812 0.367236 0 
0.30439 0.523858 0 0.282623 0.104931 0.008354 0.450581 0 
0.41374 0.68398 0 0.371069 0.151032 0.010617 0.610986 0 
0.510664 0.823492 0 0.416595 0.189573 0.012108 0.641722 0 
0.551756 1.00221 0 0.418312 0.231166 0.012963 0.753859 0 
0.587744 1.14295 0 0.444602 0.27277 0.020047 0.775775 0 
0.644449 1.22332 0 0.469723 0.313607 0.018223 0.813431 0 
0.694646 1.37065 0 0.49279 0.323976 0.016599 0.721814 0 
0.735224 1.47704 0 0.516969 0.368673 0.023517 1.00323 0 
0.797944 1.61171 0 0.535819 0.409987 0.0218 1.02997 0 
0.86437 1.87499 0 0.567814 0.39951 0.024127 1.40732 0 
0.918941 2.14144 0 0.572071 0.537262 0.027969 1.92722 0 
1.05909 2.35505 0 0.682018 0.605173 0.027732 2.8295 0 
1.21359 2.66496 0 0.807133 0.686384 0.034505 2.14254 0 
1.3766 2.91505 0 0.83183 0.715572 0.036874 2.34461 0 
1.76061 3.47697 0 0.942718 0.68714 0.041016 2.58944 0 
2.13571 3.66575 0 1.03076 0.69593 0.03996 2.67252 0 
2.09194 3.58933 0 1.01146 0.813446 0.040636 2.58136 0 
2.08944 3.51613 0 1.00593 0.822121 0.046339 2.62779 0 
2.14629 3.61555 0 1.08547 0.928233 0.053469 2.32563 0 
2.07614 3.43621 0 1.03977 0.934538 0.044159 3.61573 0 
2.02814 3.34438 0 1.02719 0.664501 0.041083 2.09022 0 
2.02025 3.29456 0 0.997186 0.778793 0.040615 2.36241 0 
2.07894 3.36168 0 1.01165 0.665239 0.050237 2.53693 0 
2.14344 3.62116 0 1.03018 0.648153 0.045029 2.49889 0 
2.10595 3.59761 0 1.00855 0.593778 0.041105 2.35425 0 
