0.012279 0.014009 0 0.016908 0.004949 0.000389 0.004689 0 
0.002574 0.027663 0 0.008633 0.000521 0.000171 0.004645 0 
0.003848 0.019344 0 0.014895 0.000471 0.000162 0.00458 0 
0.002609 0.016409 0 0.031917 0.00048 0.000172 0.004815 0 
0.002728 0.017167 0 0.013373 0.000536 0.000165 0.005013 0 
0.002669 0.019474 0 0.01754 0.001136 0.000167 0.004935 0 
0.003177 0.014688 0 0.018918 0.00049 0.000168 0.005174 0 
0.011505 0.017436 0 0.016112 0.027174 0.013229 0.153836 0 
0.152609 0.18252 0 0.502868 0.127125 0.046704 1.23798 0 
1.08766 1.17548 0 0.604649 0.501697 0.078735 1.75936 0 
2.37552 2.86578 0 0.717971 0.786837 0.139772 2.97224 0 
3.7694 5.27265 0 1.27143 1.21225 0.131649 7.54943 0 
4.39447 7.69385 0 1.28911 1.82267 0.062814 5.68792 0 
4.8288 10.3877 0 1.47573 2.02183 0.070606 16.7514 0 
4.41131 14.1843 0 1.54658 2.50279 0.077869 22.9495 0 
4.852 20.207 0 1.5555 3.46083 0.083594 12.6532 0 
5.39147 23.4654 0 2.06089 3.79067 0.094963 30.1766 0 
5.27127 26.1946 0 1.78593 4.08041 0.085412 34.6501 0 
5.1155 28.5537 0 1.77342 4.43403 0.09253 13.8792 0 
5.82288 27.0596 0 1.94072 3.66108 0.094106 17.4021 0 
5.36833 27.3408 0 1.79809 4.29908 0.085621 14.3554 0 
5.55381 26.2937 0 1.83154 3.44106 0.089463 13.328 0 
4.61483 24.2847 0 1.72443 3.93903 0.083396 15.3479 0 
4.91513 23.3882 0 1.77597 3.80719 0.081208 15.5577 0 
4.61045 22.0598 0 1.65785 3.61509 0.083813 11.2465 0 
4.58391 22.1652 0 1.63819 3.51226 0.092599 12.5333 0 
